"Name","Squad","Points","Kills","Deaths","Kill Points","Assist Points","Bonus Points","Play Seconds","MVP Score","Flag Wins","Flag Losses","Carry Time","Carry Time+","Captures","Carry Kills","Team Ownage","Team Ownage+"
Bighound,Forever Gone,78942620,21307,4190,47040828,9236152,22665640,1539686,122734,46,300,6922,8938,1042,82,203991,389247
kyoneko(Hvy),Esaka?,73596027,15889,13423,7490703,7054510,59050814,2381999,165263,417,337,21968,28187,4535,80,1155942,2695383
Herthbul,God's Hands,63674225,14064,6378,12738517,7350207,43585501,1689485,93257,276,241,24413,30910,694,130,665121,1603317
m00n shine,Esaka?,62118380,11249,8435,2803843,4848019,54466518,1829870,54149,381,282,8892,11491,353,36,948852,2213359
HappyBDay,Melano-,59416161,13756,10040,6141650,4257641,49016870,1596732,79093,335,215,26965,35122,984,245,831688,1916366
U1tr@ki!!,Esaka?,48214645,10906,8290,3916191,5409470,38888984,1348077,48816,264,222,15541,21903,613,41,657937,1571962
Mights,DKNY,45803317,17333,5186,15685882,10051955,20065480,1633625,86663,68,238,13387,16343,477,115,255263,503120
ViEt-NaM,Faded X,42559151,7017,3241,10860035,7732172,23966944,795091,39984,136,167,5498,7601,474,31,297674,665699
KaiZ-,Esaka?,41863768,6058,6794,3360034,2965136,35538598,924438,39079,240,108,15060,21261,788,77,477261,1130131
T R I G U N.,,41054688,16566,5080,20028970,10151661,10874057,1660537,77816,55,223,8813,10913,379,60,215344,408288
Azn~Wendog,Retired 30/1/03,39893802,10877,8170,5272807,16833419,17787576,2012107,41434,172,116,15595,19306,432,68,475595,1021243
RedXIII.,WipeCharacter.,39481255,6497,2884,9555594,13915394,16010267,1004511,37442,113,235,9594,12334,312,21,337186,668056
Dye.,,38249942,10062,3848,7828575,12160684,18260683,940188,43525,70,219,3591,4534,108,35,257108,559600
CalNad,LEsbian Cabbage,35500815,11243,6041,6887693,4818793,23794329,1036995,52992,155,94,7794,11407,402,50,419547,982408
chaosSgt.,0ver-Looked,35067707,13039,8597,2898270,1643800,30525637,1925728,62323,157,463,15775,19669,432,74,1002112,1658348
mrschoolu,Retired 1/24/03,34808817,11607,4002,12643441,11970679,10194697,1214187,64109,31,238,10405,12186,615,70,228821,395399
IsraeliNomad,Snatch&Run,33927055,8044,4493,9349095,10773723,13804237,1256455,49314,44,299,6245,7417,926,32,209465,373475
V.S.,DKNY,33138832,8632,8279,2163074,5856680,25119078,1669875,66920,257,335,25923,32139,1708,72,652979,1426614
InfantryMech612,,32807990,8543,1922,16544182,10126011,6137797,690329,37996,5,81,2431,2603,57,38,44971,67595
damaster0069,,32582866,8672,4112,7938977,8999753,15644136,1293419,53549,26,262,9639,11598,780,57,291155,479957
Jayster222,0,31304076,7835,7315,3697785,15314296,12291995,1828714,123769,73,327,21336,26262,4314,60,365291,599995
hello katie,Melano-,30635895,9179,7388,3448621,6065456,21121818,1201238,44771,111,331,15492,18501,852,84,384834,747940
1 i own j00 ($_$),Too good for X,30539060,6744,1340,13039421,7256811,10242828,865415,33470,16,234,2214,2625,81,17,128071,212454
Guest141,God-Save,30539054,12284,6650,7543019,9541404,13454631,1419443,43256,32,314,7289,8827,292,53,222047,363619
X-MaLaBo,Join Here,30508281,8124,4739,4569813,10494816,15443652,1272749,32174,31,293,6449,7472,170,35,287659,468960
Spirit&Soul,Franchise,30493849,8016,4558,6070956,2444839,21978054,934423,38297,119,181,7206,10335,309,27,369173,850434
Fe3r,God-Save,30353172,15280,3895,8326878,4555787,17470507,1605870,71373,26,285,6385,7278,155,51,250646,408259
AzN~GaMer (JT),DKNY,30238619,7938,5427,1813188,2783649,25641782,1487093,39487,133,400,11565,14788,373,50,498852,959619
mctrooper,Melano-,29814879,9453,4751,2885987,2225917,24702975,872225,44354,150,124,3435,5084,136,29,469170,1036930
AzNxRaGe,mL?,29395765,8596,6528,3446472,3305357,22643936,939720,43702,157,122,14805,17644,607,77,441954,992170
Kregg,Esaka?,29213225,7212,4500,3695559,3490956,22026710,1055300,34716,145,169,6320,7794,169,45,436168,944626
Cubbage~,,27987528,7885,2873,11844576,6317816,9825136,812238,38540,28,158,5789,7680,297,28,122015,233034
To><ity~,Faded X,27810159,7232,2220,6049166,5877050,15883943,909656,33360,34,269,2811,3243,93,21,155892,286390
Wind&Cloud,Esaka?,27531472,6271,6060,1628897,4137977,21764598,916818,17472,116,203,3773,4763,175,38,345873,797172
aznsniper31,Retired 11/11/02,27457831,10802,4468,8805405,5280876,13371550,992773,47697,44,288,7507,8413,189,75,277995,498191
Ken[F],,26868589,11517,3157,8364767,2011835,16491987,806434,58633,46,208,4836,6681,425,50,126664,272261
Got Tsolvy?,,26727742,7591,3021,7503691,9474073,9749978,846117,31470,47,72,2756,3299,107,13,187414,406518
Vedic Strife,God's Hands,26358074,4665,3576,3339104,3249488,19769482,563554,26397,88,77,6325,9636,286,33,352390,871820
Emp,Unconditional Surrender,26265936,7367,2851,6457502,4419223,15389211,501864,33985,40,106,3213,4546,123,29,180756,426568
BrodiE_BrucE,GoldFishMen,26114712,9623,6252,2244883,2784347,21085482,1145724,33589,117,260,4639,5714,171,22,329444,731766
SanS_NoM,0ver-Looked,25957176,7673,3919,6631529,7161896,12163751,1160826,72574,81,269,13090,15690,1593,60,423033,754635
Octavian,Strategy,25914080,6368,5596,5724851,3528536,16660693,960495,29712,80,148,12497,16616,629,38,272497,571954
Reacz,,25663201,10247,2354,9211268,5852396,10599537,1349509,88073,85,255,30837,37336,703,204,309595,515099
PlatinumChico,Platinum0wnage,25524957,9279,5604,2928723,4489172,18107062,1404779,50280,60,384,15044,17212,564,90,349334,603240
JoeDaPimp,DKNY,25362980,9116,2536,7783821,4117078,13462081,1096965,43659,12,285,6233,6833,158,32,144595,224156
CooL63,Join Here,24886235,5583,4229,4287501,11714330,8884404,1061730,39727,35,209,10182,11486,958,49,228064,402466
Tolkage (=_=),0ver-Looked,24583959,10844,7069,6293059,6680796,11610104,1326544,55556,70,189,13336,15093,907,76,342212,636384
L()rD,0,23852522,5033,3922,6026025,11230483,6596014,992058,11221,22,146,2136,2831,84,10,103551,196029
thebug <AV>,Rent2Own,23292886,7776,5135,2240256,2433733,18618897,876895,36508,152,137,10214,12607,322,59,398590,863260
frag_wagon,0ver-Looked,22979654,4058,2477,4366161,11591005,7022488,693783,23253,18,216,3419,3697,500,8,115762,179703
tektronix,Retired 11/23/02,22360315,5240,2637,4415703,3838516,14106096,605444,26774,83,121,4573,5975,197,24,239957,569604
ramieru,Esaka?,22284073,8591,4127,2114716,1527183,18642174,773198,56523,92,119,5899,7193,949,25,271296,618537
Cedric LS,Esaka?,22019953,7532,3898,1738639,1785347,18495967,827247,36101,136,106,3631,4491,200,25,419933,859750
Adept,LEC,21233743,5916,4894,1679169,3457461,16097113,643703,29208,94,75,6696,9678,540,31,309058,750096
Arcades,,21090021,7654,1764,11890019,3925282,5274720,527029,33124,11,37,1468,1812,37,7,75181,155043
M r . R i c E,Boater,21056022,11918,4690,3055174,504428,17496420,946127,41986,4,287,3231,3520,99,16,86044,127103
Maishoku,Esaka?,20940247,4871,3756,1027873,1728655,18183719,666052,19879,105,93,4073,5313,228,17,259987,600569
Sgt.CrackBox,Erased*,20682037,10603,5364,5238321,4209553,11234163,1213331,47412,30,298,11683,14031,436,65,210866,326087
DKeeperZ,Esaka?,20679605,4225,3874,2027790,2525410,16126405,675151,77355,130,56,10263,13963,2613,52,303490,693546
KrN INfantrY^.^,,20178623,4364,3183,2802508,3553689,13822426,473114,20241,74,68,4450,6081,243,17,224540,517055
Cwa~0wnage,,20165830,6845,1433,6820550,1199468,12145812,764929,39222,25,246,5842,7101,233,26,146081,273573
Opeth,Faded X,20162698,5075,3022,1906013,1355752,16900933,703681,26112,117,125,5164,7044,179,26,287855,681368
Orbe,,19617826,6256,3540,2036914,1407659,16173253,583217,25592,73,105,5143,5896,147,39,226714,501167
DARK slip stream,0ver-Looked,19528457,7186,7649,2279547,2710255,14538655,1018693,8201,58,229,3634,4300,172,10,217781,445852
FrEEzE!!!!!,Rent2Own,19088765,4001,4942,1708966,3226726,14153073,610966,17892,89,90,11636,13700,551,42,219196,475094
Tom&Jerry,F u fgts,19078666,4695,2903,2662685,4346010,12069971,598981,26742,83,74,5759,6969,252,35,297793,662044
Killer_4_Hire,Ret. 12/24/02,18669271,5870,3776,2013049,1971014,14685208,768158,42892,137,114,12516,14639,643,111,333064,737919
tomesy,LEsbian Cabbage,18666684,3941,2947,2181225,3475368,13010091,568621,20204,82,101,6530,9016,253,37,229595,518687
TsEnG777,DKNY,18572722,5922,3849,1817827,2778964,13975931,760148,31439,80,183,10071,12923,351,64,271228,555430
Ryan~,Esaka?,18488624,7792,5472,3231811,1649571,13607242,720702,28198,84,82,6223,7790,213,52,226434,499611
Denalik,Faded X,18378318,2392,3198,800707,1796058,15781553,482847,12198,99,75,5773,8168,367,10,236467,545321
Support,Franchise,18361329,4570,3817,2117183,1840024,14404122,686989,17824,100,128,5414,7533,208,25,260291,594932
Armageddon-Fang,Alaskan Salmon,18358381,8836,5385,1899363,1090367,15368651,683562,25073,60,143,1583,2333,70,24,172315,394180
keniver,Maab,18312858,6706,4124,2501970,1997189,13813699,716414,70675,100,125,10308,12039,1886,45,293399,636348
Vogue,,18173532,4382,3598,2850244,4248101,11075187,722650,26561,73,153,6959,7946,593,10,266576,541437
The Slayer01,Axed-,18079143,13188,7789,4408688,4292174,9378281,1313101,37934,14,210,5018,5817,145,58,150007,215181
Hehe-,Melano-,18047800,3229,2360,1329074,2127137,14591589,512629,16549,83,109,3525,4707,136,11,272929,603496
ShockTarts,Alaskan Salmon,18018334,4930,2218,1884485,2162435,13971414,490740,26538,72,116,2469,3467,118,31,226595,554807
Aaerox,Keyboard,17462439,7945,3551,2913786,1768181,12780472,933894,95043,97,142,14160,16657,2413,73,288941,599839
Toukinup,Alaskan Salmon,17446377,3907,3163,1265671,1609406,14571300,509674,15625,76,98,3307,4246,126,29,202062,444123
B.Cle,Rent2Own,17343664,3545,3065,860238,1750426,14733000,527417,15300,82,75,3261,4698,168,15,238859,589865
E$tr. BuNNie,eb's torture house,17201542,5672,2309,6902936,3258359,7040247,478725,23441,35,54,2460,3227,78,16,101945,214870
Sparticus.,,17058562,5385,2168,5865648,5424014,5768900,402728,21259,8,106,1981,2444,100,21,45328,71609
Requiem~~,Spicy.,16963061,5721,1680,6971520,7618705,2372836,550010,20894,2,36,128,187,6,0,23017,38527
SHADOW_604,,16863297,3525,2010,2565220,8103873,6194204,532133,11861,11,171,1407,1527,54,3,118917,188188
deathisfornoobs!,RipWikit,16749588,6460,1666,5392237,3446047,7911304,880682,34114,19,203,5283,6132,150,21,192413,329129
HuntR~,0,16578784,6365,2077,3662401,4094910,8821473,760714,28412,12,190,1986,2344,53,19,170105,268587
AznFox.,,16577994,6203,3715,3926249,3760745,8891000,821355,22858,49,170,3507,4604,117,15,249116,451068
won,Melano-,16263979,3965,3837,1078342,2313327,12872310,723250,9843,79,166,2838,3543,105,7,230126,505394
AzN_ThUgZ69,GoldFishMen,16088181,8331,4687,3752207,2178682,10157292,789171,28812,48,143,3975,4837,217,16,161481,343536
REbEL NuTT2,BUCS > EAGLES.,15983122,5147,6322,2185298,3953141,9844683,944963,14714,41,269,12508,13902,414,23,273264,443377
Stealth Stalker,We Touch Ourselves,15637236,3256,887,11878850,1247995,2510391,325274,16706,16,42,3159,3614,87,15,62267,124776
Ivers0n,Go Eagles,15577568,4684,3787,1025430,1156454,13395684,514067,15478,82,94,3880,5098,118,35,219747,497166
Klagett,Esaka?,15553721,6234,3021,3008844,3027502,9517375,565637,25769,54,52,3354,5024,132,37,159537,377611
MiNaC,Shatter.,15436521,5205,3210,1593895,4432286,9410340,831690,17793,35,232,2062,2531,66,9,207165,382782
Kaptain_Krunch!,,15427897,7570,3257,2551970,3182216,9693711,884721,36275,26,207,5114,6070,295,23,131378,244336
Ramario.,Retired. Jan. 17 2003,15047357,3773,1594,3106999,5410274,6530084,434439,17412,29,98,2861,3693,99,13,127739,240530
Polaris10.,GoldFishMen,14978703,6836,3008,2248366,1048803,11681534,595271,26559,35,150,1531,2081,127,10,87186,201137
Commando Matt the LEGEND,,14856052,3625,1400,7885651,3569158,3401243,312256,14323,8,30,1412,2076,59,12,33673,77381
K N O C K 0 U T .,0,14799647,6346,3106,3107330,3542179,8150138,686299,22121,5,164,1990,2423,77,14,110934,170867
